building play-by-play metrics 2019-25 ...
  pbp 2019 done
  pbp 2020 done
  pbp 2021 done
  pbp 2022 done
  pbp 2023 done
  pbp 2024 done
  pbp 2025 done
loading PFF weekly summaries ...

rows: 12858 player-weeks (live >= 5, 2+ games); metrics: 108
Spearman r by position: next-game points / rest-of-season PPG  ||  residual next game / residual rest of season   ('*' = |residual r| >= .05, the ones that could improve a projection)

=== QB ===
  metric                             n    next     ros ||     res  resRos
  dropbacks_per_g                 2324  +0.023  -0.039 ||  -0.119  -0.268 *
  att_pg                          2333  +0.061  +0.014 ||  -0.101  -0.258 *
  ppg                             2333  +0.297  +0.445 ||  -0.090  -0.211 *
  team_plays_per_g                2333  +0.051  +0.051 ||  -0.071  -0.189 *
  plays_pg_std                    2333  +0.073  +0.085 ||  -0.068  -0.183 *
  ppg_py                          1600  +0.236  +0.330 ||  -0.047  -0.173 *
  team_neutral_pass_rate_std      2333  +0.049  +0.012 ||  -0.058  -0.170 *
  team_pass_rate_std              2333  -0.074  -0.163 ||  -0.070  -0.169 *
  snap_std                        2298  +0.068  -0.027 ||  -0.013  -0.149 *
  game_total                      2333  +0.222  +0.190 ||  +0.019  -0.148 *
  shotgun_rate                    2324  +0.052  +0.046 ||  -0.031  -0.142 *
  pffr_grades_run                 2132  +0.125  +0.179 ||  -0.035  -0.130 *
  proe_std                        2333  +0.139  +0.180 ||  -0.042  -0.124 *
  gl_car_sh                       2245  +0.097  +0.139 ||  -0.042  -0.123 *
  ol_rb_now                       2000  +0.016  +0.001 ||  -0.032  -0.120 *
  implied                         2333  +0.333  +0.345 ||  +0.014  -0.116 *
  db_sh                           2298  -0.000  -0.105 ||  -0.034  -0.108 *
  tfl_rate                        1348  +0.105  +0.191 ||  +0.038  +0.096 *
  team_nohuddle_rate_std          2333  -0.086  -0.163 ||  -0.022  -0.096 *
  comp_pct                        2324  +0.145  +0.159 ||  -0.001  -0.096 *
  goalline_share                  1286  +0.114  +0.127 ||  -0.015  -0.095 *
  ol_pb_now                       2000  +0.075  +0.117 ||  -0.047  -0.095 *
  draft_pick                      2316  +0.008  -0.040 ||  +0.013  -0.083 *
  car_sh                          2298  +0.171  +0.262 ||  -0.019  -0.083 *
  car_sh_py                       2067  +0.179  +0.298 ||  -0.028  -0.081 *
  pffr_grades_offense             2133  +0.248  +0.362 ||  -0.029  -0.077 *
  pffr_explosive                  2133  +0.161  +0.252 ||  -0.022  -0.077 *
  rz_car_sh                       2296  +0.158  +0.245 ||  -0.012  -0.076 *
  sack_rate                       2324  -0.086  -0.111 ||  +0.028  +0.074 *
  team_epa_play_std               2333  +0.262  +0.416 ||  -0.038  -0.073 *
  epa_per_db                      2324  +0.233  +0.343 ||  -0.029  -0.071 *
  xfp_pg_py                       2067  +0.181  +0.310 ||  -0.024  -0.070 *
  rush_td_per_car                 1348  +0.104  +0.133 ||  -0.007  -0.070 *
  ay_sh                           2298  -0.036  -0.064 ||  -0.015  -0.068 *
  tgt_trend                       2298  -0.036  -0.088 ||  -0.026  -0.066 *
  int_rate                        2324  -0.101  -0.135 ||  +0.009  +0.065 *
  snap_l1                         2298  +0.059  -0.019 ||  +0.025  -0.059 *
  pffr_breakaway_percent          2075  +0.155  +0.218 ||  -0.012  -0.054 *
  xfp_pg                          2333  +0.193  +0.303 ||  -0.002  -0.052 *
  snap_trend                      2101  +0.016  +0.006 ||  +0.033  +0.051 *
  td_rate                         2324  +0.180  +0.321 ||  -0.048  -0.024
  cpoe                            2324  +0.173  +0.217 ||  +0.003  -0.048
  wopr                            2333  +0.021  +0.081 ||  -0.004  +0.047
  explosive_rate                  1348  +0.155  +0.215 ||  -0.000  -0.046
  succ_rate_db                    2324  +0.201  +0.299 ||  -0.020  -0.045
  tgt_sh                          2298  +0.018  +0.078 ||  -0.007  +0.044
  spread                          2333  +0.226  +0.262 ||  -0.009  -0.044
  ypc                             1348  +0.145  +0.180 ||  +0.013  -0.035
  first_down_per_car              1348  -0.000  -0.056 ||  +0.033  +0.005
  short_yd_car_per_g              1348  +0.052  +0.002 ||  +0.033  -0.017
  exp                             2333  +0.024  +0.017 ||  -0.023  -0.032
  epa_per_rush                    1348  +0.086  +0.064 ||  +0.030  -0.027
  pffr_yco_attempt                2132  +0.068  +0.125 ||  +0.024  +0.029
  yds_per_att                     2324  +0.195  +0.305 ||  -0.028  -0.029
  qb_deep_rate                    2324  +0.052  +0.059 ||  -0.006  -0.029
  hit_rate                        2324  -0.096  -0.148 ||  +0.020  +0.028
  jm                              1526  +0.082  +0.130 ||  -0.028  -0.013
  succ_rate_rush                  1348  +0.011  -0.066 ||  +0.025  -0.025
  opp_man_std                     2333  +0.051  +0.016 ||  +0.024  -0.025
  ppg_over_clay                   2333  +0.072  +0.102 ||  +0.023  -0.020
  carry_share                     1348  +0.174  +0.257 ||  -0.004  -0.021
  rz_car_per_g                    1348  +0.212  +0.309 ||  +0.018  +0.004
  pffr_elu_rush_mtf               2133  +0.118  +0.167 ||  -0.005  -0.017
  age                             2333  +0.003  -0.006 ||  -0.011  -0.015
  rz_tgt_sh                       2298  +0.019  +0.058 ||  -0.012  -0.008
  stuff_rate                      1348  -0.047  -0.041 ||  -0.011  -0.008
  car_trend                       2298  +0.002  +0.017 ||  +0.003  +0.008
  qb_adot                         2324  +0.065  +0.093 ||  -0.005  -0.008
  tgt_sh_py                       2067  +0.069  +0.108 ||  +0.007  -0.007
  car_per_g                       1348  +0.176  +0.267 ||  +0.005  -0.003
  pffr_elusive_rating             2133  -0.001  -0.006 ||  +0.004  +0.003

=== RB ===
  metric                             n    next     ros ||     res  resRos
  exp                             3331  +0.041  +0.019 ||  -0.049  -0.162 *
  team_epa_play_std               3382  +0.044  +0.087 ||  -0.081  -0.159 *
  pff_positive_epa_percent        2902  +0.091  +0.129 ||  -0.071  -0.158 *
  age                             3331  -0.012  -0.056 ||  -0.045  -0.153 *
  rz_car_per_g                    3303  +0.301  +0.374 ||  -0.056  -0.146 *
  snap_trend                      3034  +0.116  +0.084 ||  +0.120  +0.124 *
  implied                         3382  +0.109  +0.088 ||  -0.042  -0.122 *
  plays_pg_std                    3382  -0.045  -0.074 ||  -0.064  -0.119 *
  team_plays_per_g                3382  -0.051  -0.087 ||  -0.057  -0.111 *
  rush_td_per_car                 3303  +0.115  +0.157 ||  -0.055  -0.109 *
  xfp_pg                          3382  +0.408  +0.540 ||  -0.045  -0.105 *
  rz_tgt_sh                       3284  +0.190  +0.201 ||  -0.024  -0.103 *
  rz_tgt_share                    2940  +0.144  +0.174 ||  -0.036  -0.098 *
  ppg                             3382  +0.430  +0.577 ||  -0.039  -0.091 *
  game_total                      3382  +0.069  +0.069 ||  -0.031  -0.090 *
  car_trend                       3284  +0.102  +0.076 ||  +0.085  +0.081 *
  pff_yards_after_catch_per_reception  2766  +0.055  +0.160 ||  -0.042  +0.082 *
  tfl_rate                        3303  +0.022  +0.057 ||  +0.025  +0.082 *
  spread                          3382  +0.089  +0.054 ||  -0.019  -0.080 *
  snap_std                        3284  +0.370  +0.464 ||  -0.015  -0.079 *
  pffr_explosive                  3303  +0.321  +0.397 ||  -0.017  -0.078 *
  tgt_sh                          3284  +0.219  +0.271 ||  -0.037  -0.078 *
  car_per_g                       3303  +0.376  +0.502 ||  -0.024  -0.076 *
  snap_l1                         3284  +0.379  +0.417 ||  +0.075  +0.006 *
  jm                              3008  +0.236  +0.380 ||  +0.014  +0.075 *
  team_pass_rate_std              3382  -0.017  -0.048 ||  +0.047  +0.072 *
  succ_rate_rush                  3303  +0.085  +0.093 ||  -0.019  -0.070 *
  yac_per_rec                     2935  +0.049  +0.124 ||  -0.021  +0.069 *
  stuff_rate                      3303  -0.005  +0.011 ||  +0.015  +0.063 *
  pff_yprr                        2902  +0.025  +0.127 ||  -0.047  +0.063 *
  tgt_trend                       3284  +0.043  +0.058 ||  +0.052  +0.063 *
  succ_rate_tgt                   2942  +0.060  +0.104 ||  -0.049  -0.062 *
  deep_tgt_rate                   2942  +0.038  +0.079 ||  -0.062  -0.023 *
  draft_pick                      2956  -0.248  -0.383 ||  -0.015  -0.061 *
  target_share                    2942  +0.160  +0.241 ||  -0.060  -0.060 *
  team_nohuddle_rate_std          3382  -0.093  -0.167 ||  -0.005  -0.059 *
  proe_std                        3382  -0.031  -0.037 ||  -0.016  -0.059 *
  tgt_per_g                       2942  +0.143  +0.209 ||  -0.056  -0.058 *
  short_yd_car_per_g              3303  +0.157  +0.199 ||  -0.032  -0.055 *
  xyac_per_tgt                    2942  -0.016  -0.028 ||  +0.029  +0.054 *
  wopr                            3382  +0.213  +0.280 ||  -0.040  -0.053 *
  yprr_man                        2724  +0.039  +0.081 ||  +0.014  +0.050 *
  pff_avg_depth_of_target         2902  -0.011  +0.012 ||  -0.049  -0.033
  pff_avoided_tackles             2902  +0.065  +0.103 ||  -0.049  -0.037
  pff_targeted_qb_rating          2902  +0.102  +0.192 ||  -0.047  -0.005
  rec_td_per_tgt                  2942  +0.082  +0.150 ||  -0.047  -0.035
  pffr_yco_attempt                3303  +0.163  +0.217 ||  +0.047  +0.042
  pffr_yprr                       3293  +0.093  +0.198 ||  -0.045  +0.035
  endzone_tgt_per_g               2942  +0.032  +0.049 ||  -0.045  -0.041
  target_quality_cp               2942  +0.053  +0.087 ||  +0.040  +0.043
  yds_per_tgt                     2942  +0.072  +0.160 ||  -0.043  +0.033
  first_down_per_tgt              2942  +0.063  +0.089 ||  -0.041  -0.038
  catch_over_exp                  2948  +0.038  +0.074 ||  -0.027  -0.040
  epa_per_tgt                     2942  +0.068  +0.124 ||  -0.040  -0.025
  pff_route_rate                  2902  +0.085  +0.144 ||  +0.016  +0.040
  pffr_elusive_rating             3303  +0.099  +0.130 ||  +0.040  +0.038
  yprr_zone                       2724  +0.041  +0.079 ||  -0.003  +0.037
  ppg_over_clay                   3382  +0.114  +0.094 ||  +0.024  -0.037
  pff_grades_pass_route           2902  +0.048  +0.131 ||  -0.035  +0.007
  adot                            2942  +0.002  +0.019 ||  -0.034  -0.012
  air_yards_share                 2942  +0.005  +0.022 ||  -0.032  -0.011
  catch_rate                      2942  +0.036  +0.053 ||  -0.008  -0.032
  first_down_per_car              3303  +0.021  +0.027 ||  -0.022  -0.031
  team_neutral_pass_rate_std      3382  +0.013  +0.008 ||  +0.001  -0.031
  car_sh_py                       2762  +0.266  +0.401 ||  -0.007  +0.030
  pff_grades_offense              2902  +0.209  +0.315 ||  +0.004  +0.030
  opp_man_std                     3382  -0.010  +0.011 ||  -0.029  -0.004
  rz_car_sh                       3283  +0.348  +0.442 ||  +0.006  -0.029
  ppg_py                          2261  +0.323  +0.485 ||  -0.028  -0.027
  pffr_grades_pass_block          2941  +0.030  +0.053 ||  -0.010  +0.027
  pff_slot_rate                   2902  +0.040  +0.100 ||  +0.005  +0.026
  ay_sh                           3284  -0.002  +0.001 ||  -0.025  -0.014
  tgt_sh_py                       2762  +0.192  +0.271 ||  -0.025  -0.016
  pff_contested_catch_rate         433  +0.082  +0.179 ||  -0.023  +0.024
  pff_grades_hands_drop           2821  +0.075  +0.141 ||  -0.008  +0.021
  att_pg                          3382  +0.063  +0.083 ||  -0.014  +0.020
  pffr_breakaway_percent          3286  +0.185  +0.259 ||  -0.013  -0.020
  db_sh                           3284  +0.051  +0.066 ||  -0.018  +0.009
  explosive_rate                  3303  +0.093  +0.099 ||  +0.004  -0.018
  ol_rb_now                       2996  +0.040  +0.076 ||  -0.004  -0.018
  pffr_elu_rush_mtf               3303  +0.335  +0.442 ||  +0.017  -0.003
  pffr_grades_run                 3303  +0.208  +0.276 ||  +0.017  +0.014
  xfp_pg_py                       2762  +0.315  +0.465 ||  -0.014  +0.017
  ypc                             3303  +0.153  +0.208 ||  +0.016  +0.007
  epa_per_rush                    3303  +0.098  +0.118 ||  +0.004  -0.014
  car_sh                          3284  +0.382  +0.497 ||  +0.011  -0.013
  ol_pb_now                       2996  +0.042  +0.077 ||  -0.012  -0.009
  pffr_grades_offense             3303  +0.220  +0.317 ||  +0.001  +0.012
  gl_car_sh                       3223  +0.284  +0.363 ||  -0.004  -0.010
  pff_drop_rate                   2811  -0.023  -0.061 ||  -0.009  -0.009
  pts_over_xfp                    3382  +0.151  +0.247 ||  +0.004  +0.008
  goalline_share                  3256  +0.265  +0.361 ||  -0.008  +0.006
  carry_share                     3303  +0.376  +0.518 ||  +0.005  -0.001

=== WR ===
  metric                             n    next     ros ||     res  resRos
  goalline_share                   664  +0.028  -0.064 ||  -0.006  -0.160 *
  yprr_man                        4412  +0.281  +0.474 ||  +0.027  +0.150 *
  wopr                            5289  +0.335  +0.553 ||  +0.008  +0.128 *
  ppg_py                          3708  +0.338  +0.571 ||  +0.008  +0.120 *
  yprr_zone                       4412  +0.296  +0.509 ||  -0.008  +0.120 *
  tgt_sh                          5150  +0.347  +0.560 ||  +0.007  +0.120 *
  target_share                    5269  +0.344  +0.556 ||  +0.003  +0.115 *
  pffr_yprr                        738  +0.236  +0.321 ||  +0.071  +0.100 *
  pffr_grades_offense              739  +0.261  +0.357 ||  +0.070  +0.100 *
  age                             5280  +0.039  +0.037 ||  -0.035  -0.092 *
  ay_sh                           5150  +0.275  +0.465 ||  -0.009  +0.090 *
  tgt_sh_py                       4515  +0.307  +0.507 ||  +0.005  +0.090 *
  pff_avoided_tackles             5261  +0.197  +0.311 ||  +0.012  +0.089 *
  pff_grades_offense              5261  +0.297  +0.479 ||  -0.005  +0.089 *
  pff_grades_pass_route           5261  +0.297  +0.478 ||  -0.007  +0.089 *
  proe_std                        5289  +0.058  +0.045 ||  -0.026  -0.085 *
  exp                             5280  +0.069  +0.093 ||  -0.039  -0.084 *
  pff_yprr                        5261  +0.239  +0.413 ||  -0.017  +0.082 *
  endzone_tgt_per_g               5269  +0.113  +0.192 ||  -0.082  -0.068 *
  air_yards_share                 5269  +0.263  +0.445 ||  -0.015  +0.078 *
  ppg_over_clay                   5289  +0.091  +0.150 ||  +0.018  +0.076 *
  epa_per_rush                     737  +0.030  -0.033 ||  -0.000  -0.075 *
  tgt_per_g                       5269  +0.336  +0.537 ||  -0.020  +0.067 *
  ppg                             5289  +0.353  +0.571 ||  -0.024  +0.067 *
  team_plays_per_g                5289  +0.012  +0.023 ||  -0.041  -0.066 *
  pff_yards_after_catch_per_reception  5087  +0.087  +0.178 ||  -0.003  +0.066 *
  carry_share                      737  -0.032  -0.016 ||  -0.053  -0.066 *
  pffr_breakaway_percent           704  -0.002  -0.028 ||  -0.028  -0.065 *
  ypc                              737  +0.032  -0.031 ||  +0.018  -0.065 *
  jm                              3926  +0.185  +0.341 ||  -0.015  +0.064 *
  game_total                      5289  +0.075  +0.059 ||  -0.000  -0.064 *
  xfp_pg_py                       4515  +0.310  +0.515 ||  -0.009  +0.062 *
  yac_per_rec                     5269  +0.079  +0.153 ||  +0.009  +0.062 *
  pffr_grades_run                  693  +0.097  +0.081 ||  +0.061  +0.043 *
  stuff_rate                       737  +0.024  +0.115 ||  -0.035  +0.058 *
  pffr_yco_attempt                 737  +0.038  -0.004 ||  +0.058  +0.017 *
  snap_trend                      4757  +0.032  +0.021 ||  +0.046  +0.058 *
  pffr_elusive_rating              739  +0.045  -0.028 ||  +0.058  -0.036 *
  team_neutral_pass_rate_std      5289  +0.074  +0.078 ||  -0.020  -0.057 *
  plays_pg_std                    5289  +0.023  +0.044 ||  -0.039  -0.056 *
  pffr_explosive                   739  +0.047  +0.047 ||  -0.006  -0.055 *
  snap_l1                         5150  +0.224  +0.300 ||  +0.043  +0.054 *
  xfp_pg                          5289  +0.330  +0.530 ||  -0.024  +0.053 *
  team_pass_rate_std              5289  +0.014  +0.007 ||  -0.031  -0.053 *
  pffr_elu_rush_mtf                739  +0.054  +0.061 ||  +0.042  +0.050 *
  team_epa_play_std               5289  +0.082  +0.099 ||  -0.012  -0.049
  pff_route_rate                  5261  +0.022  +0.071 ||  +0.009  +0.048
  explosive_rate                   737  +0.042  +0.038 ||  +0.001  -0.048
  succ_rate_rush                   737  +0.002  -0.041 ||  -0.011  -0.047
  target_quality_cp               5269  +0.059  +0.051 ||  +0.047  +0.038
  pff_avg_depth_of_target         5261  -0.045  -0.034 ||  -0.045  -0.043
  deep_tgt_rate                   5269  -0.050  -0.042 ||  -0.042  -0.038
  rec_td_per_tgt                  5269  +0.037  +0.099 ||  -0.040  -0.001
  tfl_rate                         737  +0.015  +0.125 ||  -0.040  +0.039
  draft_pick                      4885  -0.102  -0.195 ||  +0.015  -0.040
  adot                            5269  -0.044  -0.036 ||  -0.040  -0.038
  rush_td_per_car                  737  +0.066  +0.064 ||  +0.033  +0.039
  ol_rb_now                       4678  +0.029  +0.027 ||  -0.011  -0.039
  first_down_per_car               737  +0.032  +0.004 ||  -0.009  -0.037
  implied                         5289  +0.116  +0.119 ||  -0.005  -0.036
  pff_contested_catch_rate        3571  +0.069  +0.144 ||  -0.032  +0.035
  gl_car_sh                       5069  +0.010  +0.013 ||  -0.012  -0.035
  short_yd_car_per_g               737  +0.116  +0.101 ||  +0.020  -0.035
  rz_tgt_sh                       5150  +0.207  +0.324 ||  -0.013  +0.032
  rz_car_per_g                     737  +0.063  +0.066 ||  +0.008  -0.032
  tgt_trend                       5150  +0.036  -0.019 ||  +0.032  -0.023
  pff_positive_epa_percent        5261  +0.095  +0.110 ||  +0.005  -0.032
  team_nohuddle_rate_std          5289  -0.011  -0.016 ||  -0.011  -0.032
  catch_over_exp                  5269  +0.112  +0.159 ||  -0.030  -0.027
  snap_std                        5150  +0.235  +0.344 ||  +0.000  +0.029
  car_trend                       5150  +0.015  +0.011 ||  +0.029  +0.024
  yds_per_tgt                     5269  +0.102  +0.162 ||  -0.028  -0.006
  pff_grades_hands_drop           5146  +0.134  +0.173 ||  +0.008  +0.028
  pff_targeted_qb_rating          5261  +0.150  +0.230 ||  -0.012  +0.027
  rz_tgt_share                    5269  +0.202  +0.317 ||  -0.016  +0.026
  epa_per_tgt                     5269  +0.110  +0.170 ||  -0.013  +0.025
  car_per_g                        737  +0.012  +0.014 ||  -0.014  -0.024
  pts_over_xfp                    5289  +0.132  +0.215 ||  -0.012  +0.024
  xyac_per_tgt                    5269  -0.001  -0.037 ||  +0.023  -0.012
  opp_man_std                     5289  +0.018  +0.013 ||  +0.022  +0.018
  pff_drop_rate                   5137  -0.017  +0.020 ||  -0.002  +0.020
  first_down_per_tgt              5269  +0.126  +0.186 ||  -0.007  +0.020
  db_sh                           5150  +0.058  +0.092 ||  -0.001  +0.019
  ol_pb_now                       4678  +0.009  +0.022 ||  -0.001  +0.018
  att_pg                          5289  +0.047  +0.075 ||  -0.002  +0.017
  car_sh_py                       4515  +0.029  +0.055 ||  -0.017  -0.017
  succ_rate_tgt                   5269  +0.136  +0.171 ||  -0.005  -0.014
  pff_slot_rate                   5261  -0.025  -0.048 ||  +0.011  +0.005
  car_sh                          5150  +0.039  +0.061 ||  -0.001  +0.011
  rz_car_sh                       5148  +0.043  +0.079 ||  -0.005  +0.011
  spread                          5289  +0.086  +0.102 ||  -0.008  +0.002
  catch_rate                      5269  +0.094  +0.100 ||  +0.007  -0.006

=== TE ===
  metric                             n    next     ros ||     res  resRos
  team_pass_rate_std              1854  -0.078  -0.209 ||  -0.109  -0.296 *
  team_neutral_pass_rate_std      1854  -0.081  -0.190 ||  -0.108  -0.255 *
  proe_std                        1854  -0.008  -0.075 ||  -0.078  -0.226 *
  pff_contested_catch_rate        1106  +0.091  +0.301 ||  -0.018  +0.182 *
  gl_car_sh                       1818  +0.026  -0.042 ||  -0.029  -0.159 *
  pff_grades_offense              1850  +0.246  +0.476 ||  +0.016  +0.154 *
  pff_drop_rate                   1812  -0.002  -0.075 ||  -0.012  -0.148 *
  ol_rb_now                       1617  +0.004  -0.033 ||  -0.042  -0.143 *
  car_sh                          1842  +0.037  -0.025 ||  -0.007  -0.137 *
  endzone_tgt_per_g               1852  +0.072  +0.088 ||  -0.078  -0.134 *
  pff_grades_hands_drop           1813  +0.090  +0.210 ||  -0.002  +0.120 *
  rz_car_sh                       1842  +0.042  -0.017 ||  -0.001  -0.119 *
  xfp_pg                          1854  +0.221  +0.357 ||  -0.084  -0.118 *
  rz_tgt_sh                       1842  +0.118  +0.153 ||  -0.057  -0.117 *
  pff_grades_pass_route           1850  +0.221  +0.445 ||  -0.014  +0.114 *
  rz_tgt_share                    1852  +0.115  +0.163 ||  -0.060  -0.103 *
  catch_over_exp                  1852  +0.151  +0.257 ||  +0.031  +0.102 *
  snap_l1                         1842  +0.206  +0.298 ||  +0.071  +0.099 *
  catch_rate                      1852  +0.091  +0.142 ||  +0.046  +0.099 *
  snap_std                        1842  +0.187  +0.337 ||  +0.019  +0.096 *
  db_sh                           1842  +0.020  -0.062 ||  -0.006  -0.093 *
  att_pg                          1854  +0.020  -0.061 ||  -0.005  -0.092 *
  epa_per_tgt                     1852  +0.110  +0.222 ||  -0.007  +0.091 *
  rec_td_per_tgt                  1852  -0.004  -0.013 ||  -0.048  -0.086 *
  pts_over_xfp                    1854  +0.117  +0.198 ||  +0.012  +0.081 *
  tgt_per_g                       1852  +0.224  +0.372 ||  -0.066  -0.077 *
  succ_rate_tgt                   1852  +0.119  +0.215 ||  +0.008  +0.076 *
  pff_avoided_tackles             1850  +0.156  +0.271 ||  +0.030  +0.076 *
  first_down_per_tgt              1852  +0.131  +0.249 ||  -0.006  +0.070 *
  jm                              1399  +0.039  +0.067 ||  -0.037  -0.068 *
  draft_pick                      1791  +0.046  +0.072 ||  +0.026  +0.065 *
  yprr_man                        1677  +0.153  +0.255 ||  -0.062  -0.063 *
  snap_trend                      1707  +0.069  +0.021 ||  +0.059  +0.023 *
  pff_yprr                        1850  +0.172  +0.335 ||  -0.057  +0.012 *
  car_trend                       1842  +0.025  +0.046 ||  +0.035  +0.055 *
  xyac_per_tgt                    1852  -0.036  -0.041 ||  +0.026  +0.055 *
  spread                          1854  +0.087  +0.096 ||  +0.029  +0.055 *
  ppg_py                          1382  +0.245  +0.446 ||  +0.001  +0.055 *
  game_total                      1854  +0.100  +0.070 ||  +0.002  -0.055 *
  adot                            1852  +0.019  +0.077 ||  -0.052  -0.015 *
  xfp_pg_py                       1691  +0.188  +0.309 ||  -0.041  -0.051 *
  ppg                             1854  +0.264  +0.431 ||  -0.051  -0.025 *
  age                             1854  +0.020  +0.032 ||  -0.032  -0.048
  pff_slot_rate                   1850  +0.020  -0.014 ||  +0.005  -0.047
  pff_avg_depth_of_target         1850  +0.034  +0.090 ||  -0.047  -0.027
  yds_per_tgt                     1852  +0.111  +0.194 ||  -0.015  +0.044
  tgt_trend                       1842  +0.000  +0.018 ||  +0.019  +0.044
  pff_yards_after_catch_per_reception  1803  +0.003  +0.044 ||  -0.043  -0.009
  pff_targeted_qb_rating          1850  +0.107  +0.192 ||  -0.016  +0.042
  air_yards_share                 1852  +0.212  +0.370 ||  -0.040  -0.005
  ay_sh                           1842  +0.218  +0.373 ||  -0.039  -0.011
  ol_pb_now                       1617  +0.048  +0.100 ||  -0.038  -0.029
  team_plays_per_g                1854  +0.030  +0.081 ||  -0.014  +0.038
  target_quality_cp               1852  -0.026  -0.094 ||  +0.038  -0.008
  yprr_zone                       1677  +0.212  +0.341 ||  -0.034  -0.017
  exp                             1854  +0.013  +0.026 ||  -0.025  -0.033
  plays_pg_std                    1854  +0.027  +0.075 ||  -0.017  +0.033
  deep_tgt_rate                   1852  +0.001  +0.053 ||  -0.031  +0.005
  implied                         1854  +0.133  +0.120 ||  +0.030  +0.011
  wopr                            1854  +0.266  +0.456 ||  -0.027  +0.010
  target_share                    1852  +0.269  +0.461 ||  -0.026  +0.013
  tgt_sh                          1842  +0.270  +0.461 ||  -0.025  +0.006
  car_sh_py                       1691  +0.093  +0.125 ||  +0.003  -0.024
  yac_per_rec                     1852  -0.005  +0.007 ||  -0.024  -0.002
  pff_route_rate                  1850  +0.050  +0.119 ||  -0.021  +0.011
  team_nohuddle_rate_std          1854  -0.087  -0.159 ||  +0.016  +0.011
  opp_man_std                     1854  -0.020  -0.029 ||  -0.014  -0.006
  pff_positive_epa_percent        1850  +0.133  +0.189 ||  +0.004  -0.013
  team_epa_play_std               1854  +0.100  +0.147 ||  -0.009  -0.008
  tgt_sh_py                       1691  +0.220  +0.339 ||  -0.006  +0.004
  ppg_over_clay                   1854  +0.068  +0.113 ||  -0.006  -0.002

strongest RAW predictors of next-game points (all metrics, |r_next| top 12 per position):
  QB: implied +0.33, ppg +0.30, team_epa_play_std +0.26, pffr_grades_offense +0.25, ppg_py +0.24, epa_per_db +0.23, spread +0.23, game_total +0.22, rz_car_per_g +0.21, succ_rate_db +0.20, yds_per_att +0.19, xfp_pg +0.19
  RB: ppg +0.43, xfp_pg +0.41, car_sh +0.38, snap_l1 +0.38, car_per_g +0.38, carry_share +0.38, snap_std +0.37, rz_car_sh +0.35, pffr_elu_rush_mtf +0.34, ppg_py +0.32, pffr_explosive +0.32, xfp_pg_py +0.32
  WR: ppg +0.35, tgt_sh +0.35, target_share +0.34, ppg_py +0.34, tgt_per_g +0.34, wopr +0.33, xfp_pg +0.33, xfp_pg_py +0.31, tgt_sh_py +0.31, pff_grades_pass_route +0.30, pff_grades_offense +0.30, yprr_zone +0.30
  TE: tgt_sh +0.27, target_share +0.27, wopr +0.27, ppg +0.26, pff_grades_offense +0.25, ppg_py +0.25, tgt_per_g +0.22, xfp_pg +0.22, pff_grades_pass_route +0.22, tgt_sh_py +0.22, ay_sh +0.22, yprr_zone +0.21
